{"app":"com.kefei.ardkscan","autofocus":1,"captureGroup":{"sequence":0,"uuid":"019a76f1-045f-7010-801a-a3d20000ffff"},"coordinates":"opengl","depthSource":"none","duration":17.99,"formatVersion":"1","frameCount":540,"framerate":29.961089494163428,"frames":[{"exposure":0.0,"image":"frame_00000000.jpg","intrinsics":[579.0087280273438,579.0087280273438,364.7286071777344,269.5542297363281,0.0],"location":{"altitude":5.977209568023682,"altitudeAccuracy":16.54518699645996,"heading":359.2216796875,"headingAccuracy":35.0,"headingTimestamp":1762932097.429,"latitude":53.10344314575195,"longitude":8.86343002319336,"positionAccuracy":35.0,"positionSource":"corelocation","positionTimestamp":1762932091.999},"pose":[-0.34165242314338684,0.7979567646980286,0.131444051861763,-0.4052904546260834,0.2137342393398285,-0.5939773321151733,0.6612474918365479],"pose4x4":[0.2030172348022461,-0.9587809443473816,0.19880422949790955,0.0,0.6122831702232361,-0.03413891792297363,-0.7899011373519897,0.0,0.7641291618347168,0.2820880115032196,0.5801146030426025,0.0,-0.34165242314338684,0.7979567646980286,0.131444051861763,1.0],"resolution":[720,540],"sequence":0,"timestamp":1762932098.0,"tracking":2,"trackingReason":0},{"exposure":0.0,"image":"frame_00000001.jpg","intrinsics":[579.0155029296875,579.0155029296875,364.7129211425781,269.5558166503906,0.0],"location":{"altitude":5.977209568023682,"altitudeAccuracy":16.54518699645996,"heading":359.2216796875,"headingAccuracy":35.0,"headingTimestamp":1762932097.429,"latitude":53.10344314575195,"longitude":8.86343002319336,"positionAccuracy":35.0,"positionSource":"corelocation","positionTimestamp":1762932091.999},"pose":[-0.34147536754608154,0.7977467775344849,0.13109050691127777,-0.40643733739852905,0.21440839767456055,-0.59356689453125,0.6606935858726501],"pose4x4":[0.20341479778289795,-0.9586188197135925,0.19917899370193481,0.0,0.610044538974762,-0.035025954246520996,-0.791592538356781,0.0,0.7658119797706604,0.28252965211868286,0.577675461769104,0.0,-0.34147536754608154,0.7977467775344849,0.13109050691127777,1.0],"resolution":[720,540],"sequence":1,"timestamp":1762932098.05,"tracking":2,"trackingReason":0},{"exposure":0.0,"image":"frame_00000002.jpg","intrinsics":[578.9935302734375,578.9935302734375,364.7176513671875,269.56011962890625,0.0],"location":{"altitude":5.977209568023682,"altitudeAccuracy":16.54518699645996,"heading":359.2216796875,"headingAccuracy":35.0,"headingTimestamp":1762932097.429,"latitude":53.10344314575195,"longitude":8.86343002319336,"positionAccuracy":35.0,"positionSource":"corelocation","positionTimestamp":1762932091.999},"pose":[-0.3413473963737488,0.7974952459335327,0.1312493532896042,-0.4071095883846283,0.2151298075914383,-0.5928741693496704,0.6606672406196594],"pose4x4":[0.20443880558013916,-0.9585479497909546,0.1984710991382599,0.0,0.608222246170044,-0.03447592258453369,-0.7930177450180054,0.0,0.7669879198074341,0.2828381061553955,0.5759619474411011,0.0,-0.3413473963737488,0.7974952459335327,0.1312493532896042,1.0],"resolution":[720,540],"sequence":2,"timestamp":1762932098.083,"tracking":2,"trackingReason":0},{"exposure":0.0,"image":"frame_00000003.jpg","intrinsics":[579.0120849609375,579.0120849609375,364.72308349609375,269.5622253417969,0.0],"location":{"altitude":5.977209568023682,"altitudeAccuracy":16.54518699645996,"heading":359.2216796875,"headingAccuracy":35.0,"headingTimestamp":1762932097.429,"latitude":53.10344314575195,"longitude":8.86343002319336,"positionAccuracy":35.0,"positionSource":"corelocation","positionTimestamp":1762932091.999},"pose":[-0.34109121561050415,0.7973540425300598,0.1312306970357895,-0.4074150323867798,0.21594201028347015,-0.5928738117218018,0.6602141261100769],"pose4x4":[0.20373940467834473,-0.9588034152984619,0.19795548915863037,0.0,0.6068912744522095,-0.0349726676940918,-0.7940150499343872,0.0,0.7682273387908936,0.2819095849990845,0.57476407289505,0.0,-0.34109121561050415,0.7973540425300598,0.1312306970357895,1.0],"resolution":[720,540],"sequence":3,"timestamp":1762932098.117,"tracking":2,"trackingReason":0},{"exposure":0.0,"image":"frame_00000004.jpg","intrinsics":[579.0020141601563,579.0020141601563,364.72216796875,269.5643310546875,0.0],"location":{"altitude":5.977209568023682,"altitudeAccuracy":16.54518699645996,"heading":359.2216796875,"headingAccuracy":35.0,"headingTimestamp":1762932097.429,"latitude":53.10344314575195,"longitude":8.86343002319336,"positionAccuracy":35.0,"positionSource":"corelocation","positionTimestamp":1762932091.999},"pose":[-0.3408929705619812,0.7972856760025024,0.13106392323970795,-0.40731003880500793,0.21619603037834167,-0.5929221510887146,0.6601523160934448],"pose4x4":[0.2034052014350891,-0.9589555263519287,0.19756168127059937,0.0,0.6067202091217041,-0.03491628170013428,-0.7941481471061707,0.0,0.768450915813446,0.2813984751701355,0.5747156143188477,0.0,-0.3408929705619812,0.7972856760025024,0.13106392323970795,1.0],"resolution":[720,540],"sequence":4,"timestamp":1762932098.15,"tracking":2,"trackingReason":0},{"exposure":0.0,"image":"frame_00000005.jpg","intrinsics":[579.0037231445313,579.0037231445313,364.712158203125,269.57562255859375,0.0],"location":{"altitude":5.977209568023682,"altitudeAccuracy":16.54518699645996,"heading":358.1470947265625,"headingAccuracy":35.0,"headingTimestamp":1762932098.187,"latitude":53.10344314575195,"longitude":8.86343002319336,"positionAccuracy":35.0,"positionSource":"corelocation","positionTimestamp":1762932091.999},"pose":[-0.34026211500167847,0.7971336841583252,0.13105998933315277,-0.4075576066970825,0.21659161150455475,-0.5927886366844177,0.6599897146224976],"pose4x4":[0.20337939262390137,-0.9590159058570862,0.19729456305503845,0.0,0.6059216856956482,-0.0350031852722168,-0.7947537899017334,0.0,0.769087553024292,0.28118160367012024,0.5739697217941284,0.0,-0.34026211500167847,0.7971336841583252,0.13105998933315277,1.0],"resolution":[720,540],"sequence":5,"timestamp":1762932098.183,"tracking":2,"trackingReason":0},{"exposure":0.0,"image":"frame_00000006.jpg","intrinsics":[579.0171508789063,579.0171508789063,364.7232666015625,269.5645751953125,0.0],"location":{"altitude":5.977209568023682,"altitudeAccuracy":16.54518699645996,"heading":358.1470947265625,"headingAccuracy":35.0,"headingTimestamp":1762932098.187,"latitude":53.10344314575195,"longitude":8.86343002319336,"positionAccuracy":35.0,"positionSource":"corelocation","positionTimestamp":1762932091.999},"pose":[-0.3400256931781769,0.7969784736633301,0.13082168996334076,-0.4083370566368103,0.21666613221168518,-0.5924485325813293,0.6597887277603149],"pose4x4":[0.20412105321884155,-0.9587273597717285,0.19792962074279785,0.0,0.604836106300354,-0.03546881675720215,-0.7955594062805176,0.0,0.7697451114654541,0.28210529685020447,0.5726332664489746,0.0,-0.3400256931781769,0.7969784736633301,0.13082168996334076,1.0],"resolution":[720,540],"sequence":6,"timestamp":1762932098.217,"tracking":2,"trackingReason":0},{"exposure":0.0,"image":"frame_00000007.jpg","intrinsics":[579.0003662109375,579.0003662109375,364.7195739746094,269.5645446777344,0.0],"location":{"altitude":5.977209568023682,"altitudeAccuracy":16.54518699645996,"heading":358.1470947265625,"headingAccuracy":35.0,"headingTimestamp":1762932098.187,"latitude":53.10344314575195,"longitude":8.86343002319336,"positionAccuracy":35.0,"positionSource":"corelocation","positionTimestamp":1762932091.999},"pose":[-0.3400280773639679,0.7968729734420776,0.13049696385860443,-0.4085824191570282,0.2166239470243454,-0.5923269391059875,0.6597599983215332],"pose4x4":[0.2044457197189331,-0.9586046934127808,0.1981891393661499,0.0,0.6045697927474976,-0.03558158874511719,-0.7957570552825928,0.0,0.7698683738708496,0.2825082540512085,0.5722689628601074,0.0,-0.3400280773639679,0.7968729734420776,0.13049696385860443,1.0],"resolution":[720,540],"sequence":7,"timestamp":1762932098.25,"tracking":2,"trackingReason":0},{"exposure":0.0,"image":"frame_00000008.jpg","intrinsics":[578.9986572265625,578.9986572265625,364.71728515625,269.57122802734375,0.0],"location":{"altitude":5.977209568023682,"altitudeAccuracy":16.54518699645996,"heading":358.1470947265625,"headingAccuracy":35.0,"headingTimestamp":1762932098.187,"latitude":53.10344314575195,"longitude":8.86343002319336,"positionAccuracy":35.0,"positionSource":"corelocation","positionTimestamp":1762932091.999},"pose":[-0.3395128846168518,0.7967311143875122,0.13040676712989807,-0.4080184996128082,0.216880202293396,-0.5925299525260925,0.6598424315452576],"pose4x4":[0.20374250411987305,-0.9589350819587708,0.1973128616809845,0.0,0.6049705147743225,-0.035141706466674805,-0.7954719066619873,0.0,0.7697398662567139,0.28143981099128723,0.5729677677154541,0.0,-0.3395128846168518,0.7967311143875122,0.13040676712989807,1.0],"resolution":[720,540],"sequence":8,"timestamp":1762932098.283,"tracking":2,"trackingReason":0},{"exposure":0.0,"image":"frame_00000009.jpg","intrinsics":[579.0037231445313,579.0037231445313,364.7211608886719,269.56597900390625,0.0],"location":{"altitude":5.977209568023682,"altitudeAccuracy":16.54518699645996,"heading":358.1470947265625,"headingAccuracy":35.0,"headingTimestamp":1762932098.187,"latitude":53.10344314575195,"longitude":8.86343002319336,"positionAccuracy":35.0,"positionSource":"corelocation","positionTimestamp":1762932091.999},"pose":[-0.33927759528160095,0.7965892553329468,0.13011331856250763,-0.40743976831436157,0.21681199967861176,-0.5928483605384827,0.6599364280700684],"pose4x4":[0.2030467391014099,-0.9591601490974426,0.1969357132911682,0.0,0.6058087944984436,-0.034952640533447266,-0.7948419451713562,0.0,0.769264280796051,0.280695378780365,0.5739707946777344,0.0,-0.33927759528160095,0.7965892553329468,0.13011331856250763,1.0],"resolution":[720,540],"sequence":9,"timestamp":1762932098.317,"tracking":2,"trackingReason":0},{"exposure":0.0,"image":"frame_00000010.jpg","intrinsics":[579.00537109375,579.00537109375,364.7117614746094,269.56976318359375,0.0],"location":{"altitude":5.977209568023682,"altitudeAccuracy":16.54518699645996,"heading":358.1470947265625,"headingAccuracy":35.0,"headingTimestamp":1762932098.187,"latitude":53.10344314575195,"longitude":8.86343002319336,"positionAccuracy":35.0,"positionSource":"corelocation","positionTimestamp":1762932091.999},"pose":[-0.3392345607280731,0.7963919639587402,0.12957251071929932,-0.4074130058288574,0.2164687216281891,-0.593223512172699,0.6597286462783813],"pose4x4":[0.2024543285369873,-0.9591174125671387,0.1977527141571045,0.0,0.6063487529754639,-0.03579902648925781,-0.7943927049636841,0.0,0.7689951658248901,0.2807353734970093,0.5743118524551392,0.0,-0.3392345607280731,0.7963919639587402,0.12957251071929932,1.0],"resolution":[720,540],"sequence":10,"timestamp":1762932098.35,"tracking":2,"trackingReason":0},{"exposure":0.0,"image":"frame_00000011.jpg","intrinsics":[579.0087280273438,579.0087280273438,364.7167053222656,269.5673522949219,0.0],"location":{"altitude":5.977209568023682,"altitudeAccuracy":16.54518699645996,"heading":358.1470947265625,"headingAccuracy":35.0,"headingTimestamp":1762932098.187,"latitude":53.10344314575195,"longitude":8.86343002319336,"positionAccuracy":35.0,"positionSource":"corelocation","positionTimestamp":1762932091.999},"pose":[-0.33876457810401917,0.79611736536026,0.12931951880455017,-0.40754279494285583,0.2165880650281906,-0.5933054685592651,0.6595354676246643],"pose4x4":[0.2021564245223999,-0.9591498374938965,0.197899729013443,0.0,0.6060742139816284,-0.03620505332946777,-0.7945836782455444,0.0,0.7692897319793701,0.2805720865726471,0.5739969611167908,0.0,-0.33876457810401917,0.79611736536026,0.12931951880455017,1.0],"resolution":[720,540],"sequence":11,"timestamp":1762932098.383,"tracking":2,"trackingReason":0},{"exposure":0.0,"image":"frame_00000012.jpg","intrinsics":[578.9918823242188,578.9918823242188,364.7149963378906,269.5702819824219,0.0],"location":{"altitude":5.977209568023682,"altitudeAccuracy":16.54518699645996,"heading":358.1470947265625,"headingAccuracy":35.0,"headingTimestamp":1762932098.187,"latitude":53.10344314575195,"longitude":8.86343002319336,"positionAccuracy":35.0,"positionSource":"corelocation","positionTimestamp":1762932091.999},"pose":[-0.33867451548576355,0.7958574295043945,0.12902653217315674,-0.4071607291698456,0.21673789620399475,-0.5931069254875183,0.6599008440971375],"pose4x4":[0.2024977207183838,-0.9592778086662292,0.19692865014076233,0.0,0.6062892079353333,-0.035111427307128906,-0.794468879699707,0.0,0.7690306901931763,0.2802739143371582,0.5744896531105042,0.0,-0.33867451548576355,0.7958574295043945,0.12902653217315674,1.0],"resolution":[720,540],"sequence":12,"timestamp":1762932098.417,"tracking":2,"trackingReason":0},{"exposure":0.0,"image":"frame_00000013.jpg","intrinsics":[579.007080078125,579.007080078125,364.7205810546875,269.5645446777344,0.0],"location":{"altitude":5.977209568023682,"altitudeAccuracy":16.54518699645996,"heading":358.1470947265625,"headingAccuracy":35.0,"headingTimestamp":1762932098.187,"latitude":53.10344314575195,"longitude":8.86343002319336,"positionAccuracy":35.0,"positionSource":"corelocation","positionTimestamp":1762932091.999},"pose":[-0.33874017000198364,0.7955812215805054,0.12856779992580414,-0.40704625844955444,0.21705003082752228,-0.5932380557060242,0.6597506999969482],"pose4x4":[0.20191580057144165,-0.9594772458076477,0.1965528428554535,0.0,0.606079638004303,-0.03523612022399902,-0.7946227788925171,0.0,0.7693485021591187,0.2795734405517578,0.5744052529335022,0.0,-0.33874017000198364,0.7955812215805054,0.12856779992580414,1.0],"resolution":[720,540],"sequence":13,"timestamp":1762932098.45,"tracking":2,"trackingReason":0},{"exposure":0.0,"image":"frame_00000014.jpg","intrinsics":[579.0104370117188,579.0104370117188,364.7167053222656,269.5705261230469,0.0],"location":{"altitude":5.977209568023682,"altitudeAccuracy":16.54518699645996,"heading":358.1470947265625,"headingAccuracy":35.0,"headingTimestamp":1762932098.187,"latitude":53.10344314575195,"longitude":8.86343002319336,"positionAccuracy":35.0,"positionSource":"corelocation","positionTimestamp":1762932091.999},"pose":[-0.3384603261947632,0.7953743934631348,0.12840333580970764,-0.40715491771698,0.2168816775083542,-0.5934786796569824,0.6595227122306824],"pose4x4":[0.20149081945419312,-0.9594342708587646,0.197198748588562,0.0,0.6062164306640625,-0.035984039306640625,-0.7944851517677307,0.0,0.7693523168563843,0.2796265482902527,0.5743744373321533,0.0,-0.3384603261947632,0.7953743934631348,0.12840333580970764,1.0],"resolution":[720,540],"sequence":14,"timestamp":1762932098.483,"tracking":2,"trackingReason":0},{"exposure":0.0,"image":"frame_00000015.jpg","intrinsics":[578.988525390625,578.988525390625,364.71441650390625,269.5340576171875,0.0],"location":{"altitude":5.977209568023682,"altitudeAccuracy":16.54518699645996,"heading":358.1470947265625,"headingAccuracy":35.0,"headingTimestamp":1762932098.187,"latitude":53.10344314575195,"longitude":8.86343002319336,"positionAccuracy":35.0,"positionSource":"corelocation","positionTimestamp":1762932091.999},"pose":[-0.3384350836277008,0.7951149344444275,0.1281076967716217,-0.4068447947502136,0.21634334325790405,-0.5935170650482178,0.6598562598228455],"pose4x4":[0.20186614990234375,-0.9593082666397095,0.1974276304244995,0.0,0.6072355508804321,-0.035570383071899414,-0.7937251329421997,0.0,0.7684496641159058,0.2801112234592438,0.5753457546234131,0.0,-0.3384350836277008,0.7951149344444275,0.1281076967716217,1.0],"resolution":[720,540],"sequence":15,"timestamp":1762932098.517,"tracking":2,"trackingReason":0},{"exposure":0.0,"image":"frame_00000016.jpg","intrinsics":[579.0037231445313,579.0037231445313,364.720458984375,269.53948974609375,0.0],"location":{"altitude":5.977209568023682,"altitudeAccuracy":16.54518699645996,"heading":358.1470947265625,"headingAccuracy":35.0,"headingTimestamp":1762932098.187,"latitude":53.10344314575195,"longitude":8.86343002319336,"positionAccuracy":35.0,"positionSource":"corelocation","positionTimestamp":1762932091.999},"pose":[-0.33853840827941895,0.794786810874939,0.12758463621139526,-0.40735548734664917,0.2161310613155365,-0.5935295820236206,0.6595993638038635],"pose4x4":[0.20201998949050903,-0.9590678215026855,0.1984352469444275,0.0,0.6068991422653198,-0.03643178939819336,-0.7939431667327881,0.0,0.768674910068512,0.2808224856853485,0.574697732925415,0.0,-0.33853840827941895,0.794786810874939,0.12758463621139526,1.0],"resolution":[720,540],"sequence":16,"timestamp":1762932098.55,"tracking":2,"trackingReason":0},{"exposure":0.0,"image":"frame_00000017.jpg","intrinsics":[579.0137939453125,579.0137939453125,364.726806640625,269.53460693359375,0.0],"location":{"altitude":5.977209568023682,"altitudeAccuracy":16.54518699645996,"heading":358.1470947265625,"headingAccuracy":35.0,"headingTimestamp":1762932098.187,"latitude":53.10344314575195,"longitude":8.86343002319336,"positionAccuracy":35.0,"positionSource":"corelocation","positionTimestamp":1762932091.999},"pose":[-0.3383929133415222,0.7943384647369385,0.12714987993240356,-0.40827029943466187,0.21581728756427765,-0.5932573080062866,0.6593815684318542],"pose4x4":[0.20293736457824707,-0.9585894346237183,0.199806809425354,0.0,0.6061422824859619,-0.0372776985168457,-0.7944821715354919,0.0,0.7690305709838867,0.2823414206504822,0.5734764933586121,0.0,-0.3383929133415222,0.7943384647369385,0.12714987993240356,1.0],"resolution":[720,540],"sequence":17,"timestamp":1762932098.583,"tracking":2,"trackingReason":0},{"exposure":0.0,"image":"frame_00000018.jpg","intrinsics":[579.0037231445313,579.0037231445313,364.720947265625,269.5361328125,0.0],"location":{"altitude":5.977209568023682,"altitudeAccuracy":16.54518699645996,"heading":358.1470947265625,"headingAccuracy":35.0,"headingTimestamp":1762932098.187,"latitude":53.10344314575195,"longitude":8.86343002319336,"positionAccuracy":35.0,"positionSource":"corelocation","positionTimestamp":1762932091.999},"pose":[-0.3384566307067871,0.7938623428344727,0.12657839059829712,-0.40909600257873535,0.21521830558776855,-0.5928754806518555,0.6594089269638062],"pose4x4":[0.20435947179794312,-0.9579846262931824,0.20125222206115723,0.0,0.6058048605918884,-0.03772175312042236,-0.7947184443473816,0.0,0.7689197063446045,0.28432780504226685,0.5726430416107178,0.0,-0.3384566307067871,0.7938623428344727,0.12657839059829712,1.0],"resolution":[720,540],"sequence":18,"timestamp":1762932098.617,"tracking":2,"trackingReason":0},{"exposure":0.0,"image":"frame_00000019.jpg","intrinsics":[578.9969482421875,578.9969482421875,364.7210388183594,269.5390625,0.0],"location":{"altitude":5.977209568023682,"altitudeAccuracy":16.54518699645996,"heading":358.1470947265625,"headingAccuracy":35.0,"headingTimestamp":1762932098.187,"latitude":53.10344314575195,"longitude":8.86343002319336,"positionAccuracy":35.0,"positionSource":"corelocation","positionTimestamp":1762932091.999},"pose":[-0.33860689401626587,0.7933813333511353,0.12597669661045074,-0.4091654419898987,0.21479542553424835,-0.5927237272262573,0.6596400141716003],"pose4x4":[0.20508301258087158,-0.9577423334121704,0.20166879892349243,0.0,0.6061948537826538,-0.0374755859375,-0.794432520866394,0.0,0.7684194445610046,0.2851751148700714,0.5728931427001953,0.0,-0.33860689401626587,0.7933813333511353,0.12597669661045074,1.0],"resolution":[720,540],"sequence":19,"timestamp":1762932098.65,"tracking":2,"trackingReason":0},{"exposure":0.0,"image":"frame_00000020.jpg","intrinsics":[579.0087280273438,579.0087280273438,364.72113037109375,269.5378112792969,0.0],"location":{"altitude":5.977209568023682,"altitudeAccuracy":16.54518699645996,"heading":358.1470947265625,"headingAccuracy":35.0,"headingTimestamp":1762932098.187,"latitude":53.10344314575195,"longitude":8.86343002319336,"positionAccuracy":35.0,"positionSource":"corelocation","positionTimestamp":1762932091.999},"pose":[-0.33831745386123657,0.7927747964859009,0.12521344423294067,-0.4090177118778229,0.21454979479312897,-0.592663586139679,0.6598656177520752],"pose4x4":[0.20543652772903442,-0.9576659798622131,0.20167171955108643,0.0,0.6066473126411438,-0.03709125518798828,-0.7941051721572876,0.0,0.7679678797721863,0.285481721162796,0.5733457803726196,0.0,-0.33831745386123657,0.7927747964859009,0.12521344423294067,1.0],"resolution":[720,540],"sequence":20,"timestamp":1762932098.683,"tracking":2,"trackingReason":0},{"exposure":0.0,"image":"frame_00000021.jpg","intrinsics":[579.018798828125,579.018798828125,364.70904541015625,269.5287170410156,0.0],"location":{"altitude":5.977209568023682,"altitudeAccuracy":16.54518699645996,"heading":358.1470947265625,"headingAccuracy":35.0,"headingTimestamp":1762932098.187,"latitude":53.10344314575195,"longitude":8.86343002319336,"positionAccuracy":35.0,"positionSource":"corelocation","positionTimestamp":1762932091.999},"pose":[-0.33833035826683044,0.792225182056427,0.1243889182806015,-0.4091092050075531,0.21327967941761017,-0.5923691987991333,0.6604847311973572],"pose4x4":[0.20722103118896484,-0.9570109844207764,0.20295143127441406,0.0,0.6079922914505005,-0.03654325008392334,-0.79310142993927,0.0,0.7664233446121216,0.28774014115333557,0.5742828845977783,0.0,-0.33833035826683044,0.792225182056427,0.1243889182806015,1.0],"resolution":[720,540],"sequence":21,"timestamp":1762932098.717,"tracking":2,"trackingReason":0},{"exposure":0.0,"image":"frame_00000022.jpg","intrinsics":[578.9953002929688,578.9953002929688,364.7225341796875,269.54022216796875,0.0],"location":{"altitude":5.977209568023682,"altitudeAccuracy":16.54518699645996,"heading":358.1470947265625,"headingAccuracy":35.0,"headingTimestamp":1762932098.187,"latitude":53.10344314575195,"longitude":8.86343002319336,"positionAccuracy":35.0,"positionSource":"corelocation","positionTimestamp":1762932091.999},"pose":[-0.33841004967689514,0.7917781472206116,0.12360013276338577,-0.40898698568344116,0.2121610939502716,-0.5922653079032898,0.661013662815094],"pose4x4":[0.20841896533966064,-0.9565331935882568,0.20397484302520752,0.0,0.6094486713409424,-0.036097049713134766,-0.7920032739639282,0.0,0.7649403810501099,0.28938066959381104,0.575434684753418,0.0,-0.33841004967689514,0.7917781472206116,0.12360013276338577,1.0],"resolution":[720,540],"sequence":22,"timestamp":1762932098.75,"tracking":2,"trackingReason":0},{"exposure":0.0,"image":"frame_00000023.jpg","intrinsics":[579.0037231445313,579.0037231445313,364.7222900390625,269.5386962890625,0.0],"location":{"altitude":5.977209568023682,"altitudeAccuracy":16.54518699645996,"heading":358.1470947265625,"headingAccuracy":35.0,"headingTimestamp":1762932098.187,"latitude":53.10344314575195,"longitude":8.86343002319336,"positionAccuracy":35.0,"positionSource":"corelocation","positionTimestamp":1762932091.999},"pose":[-0.3376538157463074,0.7913967967033386,0.12289382517337799,-0.4091044068336487,0.2125442773103714,-0.5921335816383362,0.6609359979629517],"pose4x4":[0.2084054946899414,-0.9566304087638855,0.20353257656097412,0.0,0.6088191866874695,-0.03597712516784668,-0.7924928665161133,0.0,0.7654452323913574,0.2890744209289551,0.5749170184135437,0.0,-0.3376538157463074,0.7913967967033386,0.12289382517337799,1.0],"resolution":[720,540],"sequence":23,"timestamp":1762932098.783,"tracking":2,"trackingReason":0},{"exposure":0.0,"image":"frame_00000024.jpg","intrinsics":[579.02392578125,579.02392578125,364.7262268066406,269.53387451171875,0.0],"location":{"altitude":5.977209568023682,"altitudeAccuracy":16.54518699645996,"heading":358.1470947265625,"headingAccuracy":35.0,"headingTimestamp":1762932098.187,"latitude":53.10344314575195,"longitude":8.86343002319336,"positionAccuracy":35.0,"positionSource":"corelocation","positionTimestamp":1762932091.999},"pose":[-0.33728885650634766,0.7910479307174683,0.12213759124279022,-0.408857136964798,0.2121076136827469,-0.5919838547706604,0.6613632440567017],"pose4x4":[0.20913094282150269,-0.9564761519432068,0.20351329445838928,0.0,0.6095892786979675,-0.035218119621276855,-0.7919347286224365,0.0,0.7646340131759644,0.28967761993408203,0.5756924152374268,0.0,-0.33728885650634766,0.7910479307174683,0.12213759124279022,1.0],"resolution":[720,540],"sequence":24,"timestamp":1762932098.817,"tracking":2,"trackingReason":0},{"exposure":0.0,"image":"frame_00000025.jpg","intrinsics":[579.0020141601563,579.0020141601563,364.7135009765625,269.52947998046875,0.0],"location":{"altitude":5.977209568023682,"altitudeAccuracy":16.54518699645996,"heading":358.1470947265625,"headingAccuracy":35.0,"headingTimestamp":1762932098.187,"latitude":53.10344314575195,"longitude":8.86343002319336,"positionAccuracy":35.0,"positionSource":"corelocation","positionTimestamp":1762932091.999},"pose":[-0.3371819853782654,0.7907249927520752,0.12131143361330032,-0.4081180691719055,0.21084365248680115,-0.591984748840332,0.6622223258018494],"pose4x4":[0.21019798517227173,-0.9561492800712585,0.20394861698150635,0.0,0.6119528412818909,-0.034012556076049805,-0.790162205696106,0.0,0.762450098991394,0.29089733958244324,0.5779691934585571,0.0,-0.3371819853782654,0.7907249927520752,0.12131143361330032,1.0],"resolution":[720,540],"sequence":25,"timestamp":1762932098.85,"tracking":2,"trackingReason":0},{"exposure":0.0,"image":"frame_00000026.jpg","intrinsics":[579.0037231445313,579.0037231445313,364.7196044921875,269.52716064453125,0.0],"location":{"altitude":5.977209568023682,"altitudeAccuracy":16.54518699645996,"heading":358.1470947265625,"headingAccuracy":35.0,"headingTimestamp":1762932098.187,"latitude":53.10344314575195,"longitude":8.86343002319336,"positionAccuracy":35.0,"positionSource":"corelocation","positionTimestamp":1762932091.999},"pose":[-0.3364793062210083,0.790630578994751,0.12063094228506088,-0.4077162742614746,0.2105397880077362,-0.5919484496116638,0.6625989079475403],"pose4x4":[0.2105400562286377,-0.956129789352417,0.2036871612071991,0.0,0.6127678155899048,-0.033271074295043945,-0.7895621061325073,0.0,0.7617008686065674,0.2910473346710205,0.5788809061050415,0.0,-0.3364793062210083,0.790630578994751,0.12063094228506088,1.0],"resolution":[720,540],"sequence":26,"timestamp":1762932098.883,"tracking":2,"trackingReason":0},{"exposure":0.0,"image":"frame_00000027.jpg","intrinsics":[579.0137939453125,579.0137939453125,364.7148132324219,269.53192138671875,0.0],"location":{"altitude":5.977209568023682,"altitudeAccuracy":16.54518699645996,"heading":358.1470947265625,"headingAccuracy":35.0,"headingTimestamp":1762932098.187,"latitude":53.10344314575195,"longitude":8.86343002319336,"positionAccuracy":35.0,"positionSource":"corelocation","positionTimestamp":1762932091.999},"pose":[-0.33605337142944336,0.7904849052429199,0.1199001893401146,-0.4074133038520813,0.21024760603904724,-0.5918964743614197,0.6629244089126587],"pose4x4":[0.21090900897979736,-0.9560805559158325,0.2035364806652069,0.0,0.6134499311447144,-0.0326540470123291,-0.7890580892562866,0.0,0.7610495090484619,0.2912788391113281,0.5796207189559937,0.0,-0.33605337142944336,0.7904849052429199,0.1199001893401146,1.0],"resolution":[720,540],"sequence":27,"timestamp":1762932098.917,"tracking":2,"trackingReason":0},{"exposure":0.0,"image":"frame_00000028.jpg","intrinsics":[579.0104370117188,579.0104370117188,364.7206726074219,269.53778076171875,0.0],"location":{"altitude":5.977209568023682,"altitudeAccuracy":16.54518699645996,"heading":358.1470947265625,"headingAccuracy":35.0,"headingTimestamp":1762932098.187,"latitude":53.10344314575195,"longitude":8.86343002319336,"positionAccuracy":35.0,"positionSource":"corelocation","positionTimestamp":1762932091.999},"pose":[-0.33586984872817993,0.7902886867523193,0.11907743662595749,-0.40706878900527954,0.20934005081653595,-0.5916030406951904,0.663684606552124],"pose4x4":[0.21236515045166016,-0.9557072520256042,0.20377472043037415,0.0,0.614844024181366,-0.03139829635620117,-0.7880229949951172,0.0,0.7595177888870239,0.2926381826400757,0.5809434652328491,0.0,-0.33586984872817993,0.7902886867523193,0.11907743662595749,1.0],"resolution":[720,540],"sequence":28,"timestamp":1762932098.95,"tracking":2,"trackingReason":0},{"exposure":0.0,"image":"frame_00000029.jpg","intrinsics":[579.0003662109375,579.0003662109375,364.7312927246094,269.5290832519531,0.0],"location":{"altitude":5.977209568023682,"altitudeAccuracy":16.54518699645996,"heading":358.1470947265625,"headingAccuracy":35.0,"headingTimestamp":1762932098.187,"latitude":53.10344314575195,"longitude":8.86343002319336,"positionAccuracy":35.0,"positionSource":"corelocation","positionTimestamp":1762932091.999},"pose":[-0.33500707149505615,0.7902587652206421,0.1186911016702652,-0.4069560766220093,0.20928320288658142,-0.5912756323814392,0.6640635132789612],"pose4x4":[0.2131873369216919,-0.9556273221969604,0.20329174399375916,0.0,0.6149510145187378,-0.030440211296081543,-0.7879774570465088,0.0,0.7592010498046875,0.293001264333725,0.5811746120452881,0.0,-0.33500707149505615,0.7902587652206421,0.1186911016702652,1.0],"resolution":[720,540],"sequence":29,"timestamp":1762932098.984,"tracking":2,"trackingReason":0},{"exposure":0.0,"image":"frame_00000030.jpg","intrinsics":[579.0087280273438,579.0087280273438,364.72296142578125,269.5345458984375,0.0],"location":{"altitude":5.977209568023682,"altitudeAccuracy":16.54518699645996,"heading":358.1470947265625,"headingAccuracy":35.0,"headingTimestamp":1762932098.187,"latitude":53.10344314575195,"longitude":8.86343002319336,"positionAccuracy":35.0,"positionSource":"corelocation","positionTimestamp":1762932091.999},"pose":[-0.3342435359954834,0.7902116179466248,0.11812391132116318,-0.40687400102615356,0.20974372327327728,-0.5914661288261414,0.6637988686561584],"pose4x4":[0.2123507857322693,-0.9559076428413391,0.20284909009933472,0.0,0.6145505309104919,-0.03075718879699707,-0.7882776260375977,0.0,0.7597596645355225,0.29205238819122314,0.5809222459793091,0.0,-0.3342435359954834,0.7902116179466248,0.11812391132116318,1.0],"resolution":[720,540],"sequence":30,"timestamp":1762932099.017,"tracking":2,"trackingReason":0},{"exposure":0.0,"image":"frame_00000031.jpg","intrinsics":[578.9986572265625,578.9986572265625,364.72808837890625,269.544677734375,0.0],"location":{"altitude":5.977209568023682,"altitudeAccuracy":16.54518699645996,"heading":358.1470947265625,"headingAccuracy":35.0,"headingTimestamp":1762932098.187,"latitude":53.10344314575195,"longitude":8.86343002319336,"positionAccuracy":35.0,"positionSource":"corelocation","positionTimestamp":1762932091.999},"pose":[-0.3336128890514374,0.7901624441146851,0.1174715980887413,-0.4063239097595215,0.20990540087223053,-0.5919066667556763,0.6636919975280762],"pose4x4":[0.21117240190505981,-0.9562666416168213,0.20238658785820007,0.0,0.6151082515716553,-0.03090524673461914,-0.7878366708755493,0.0,0.7596367597579956,0.29085901379585266,0.5816812515258789,0.0,-0.3336128890514374,0.7901624441146851,0.1174715980887413,1.0],"resolution":[720,540],"sequence":31,"timestamp":1762932099.05,"tracking":2,"trackingReason":0},{"exposure":0.0,"image":"frame_00000032.jpg","intrinsics":[579.0037231445313,579.0037231445313,364.7257385253906,269.5332336425781,0.0],"location":{"altitude":5.977209568023682,"altitudeAccuracy":16.54518699645996,"heading":358.1470947265625,"headingAccuracy":35.0,"headingTimestamp":1762932098.187,"latitude":53.10344314575195,"longitude":8.86343002319336,"positionAccuracy":35.0,"positionSource":"corelocation","positionTimestamp":1762932091.999},"pose":[-0.3326701521873474,0.790173351764679,0.11658273637294769,-0.40585312247276306,0.209814190864563,-0.5921539664268494,0.6637881994247437],"pose4x4":[0.21066337823867798,-0.9564371109008789,0.20211070775985718,0.0,0.6158221960067749,-0.030726194381713867,-0.7872856259346008,0.0,0.7591994404792786,0.2903164029121399,0.5825225114822388,0.0,-0.3326701521873474,0.790173351764679,0.11658273637294769,1.0],"resolution":[720,540],"sequence":32,"timestamp":1762932099.084,"tracking":2,"trackingReason":0},{"exposure":0.0,"image":"frame_00000033.jpg","intrinsics":[579.0155029296875,579.0155029296875,364.72747802734375,269.52984619140625,0.0],"location":{"altitude":5.977209568023682,"altitudeAccuracy":16.54518699645996,"heading":359.177001953125,"headingAccuracy":35.0,"headingTimestamp":1762932099.125,"latitude":53.10344314575195,"longitude":8.86343002319336,"positionAccuracy":35.0,"positionSource":"corelocation","positionTimestamp":1762932091.999},"pose":[-0.33195599913597107,0.790129542350769,0.1158250942826271,-0.4057059586048126,0.20959866046905518,-0.592062771320343,0.6640275716781616],"pose4x4":[0.21106016635894775,-0.9563628435134888,0.20204821228981018,0.0,0.6162211894989014,-0.030271291732788086,-0.7869910001754761,0.0,0.7587653398513794,0.2906087636947632,0.5829421281814575,0.0,-0.33195599913597107,0.790129542350769,0.1158250942826271,1.0],"resolution":[720,540],"sequence":33,"timestamp":1762932099.117,"tracking":2,"trackingReason":0},{"exposure":0.0,"image":"frame_00000034.jpg","intrinsics":[579.00537109375,579.00537109375,364.7208251953125,269.54071044921875,0.0],"location":{"altitude":5.977209568023682,"altitudeAccuracy":16.54518699645996,"heading":359.177001953125,"headingAccuracy":35.0,"headingTimestamp":1762932099.125,"latitude":53.10344314575195,"longitude":8.86343002319336,"positionAccuracy":35.0,"positionSource":"corelocation","positionTimestamp":1762932091.999},"pose":[-0.33132216334342957,0.7900257706642151,0.115143321454525,-0.4058312773704529,0.20926682651042938,-0.5919454097747803,0.6641601324081421],"pose4x4":[0.21161603927612305,-0.9561471343040466,0.2024865746498108,0.0,0.6164390444755554,-0.030196785926818848,-0.7868229746818542,0.0,0.7584332823753357,0.29132479429244995,0.5830167531967163,0.0,-0.33132216334342957,0.7900257706642151,0.115143321454525,1.0],"resolution":[720,540],"sequence":34,"timestamp":1762932099.15,"tracking":2,"trackingReason":0},{"exposure":0.0,"image":"frame_00000035.jpg","intrinsics":[579.0020141601563,579.0020141601563,364.7215881347656,269.5386962890625,0.0],"location":{"altitude":5.977209568023682,"altitudeAccuracy":16.54518699645996,"heading":359.177001953125,"headingAccuracy":35.0,"headingTimestamp":1762932099.125,"latitude":53.10344314575195,"longitude":8.86343002319336,"positionAccuracy":35.0,"positionSource":"corelocation","positionTimestamp":1762932091.999},"pose":[-0.3303958475589752,0.7898346185684204,0.11434424668550491,-0.40627527236938477,0.20969656109809875,-0.592133641242981,0.6635851860046387],"pose4x4":[0.21081024408340454,-0.9562512636184692,0.20283547043800354,0.0,0.6154731512069702,-0.031363725662231445,-0.7875332832336426,0.0,0.759441614151001,0.2908596992492676,0.5819355249404907,0.0,-0.3303958475589752,0.7898346185684204,0.11434424668550491,1.0],"resolution":[720,540],"sequence":35,"timestamp":1762932099.184,"tracking":2,"trackingReason":0},{"exposure":0.0,"image":"frame_00000036.jpg","intrinsics":[579.0087280273438,579.0087280273438,364.7059631347656,269.5610656738281,0.0],"location":{"altitude":5.977209568023682,"altitudeAccuracy":16.54518699645996,"heading":359.177001953125,"headingAccuracy":35.0,"headingTimestamp":1762932099.125,"latitude":53.10344314575195,"longitude":8.86343002319336,"positionAccuracy":35.0,"positionSource":"corelocation","positionTimestamp":1762932091.999},"pose":[-0.3294454514980316,0.7896474599838257,0.11363077163696289,-0.40660566091537476,0.20997203886508942,-0.5925902724266052,0.6628878116607666],"pose4x4":[0.20949703454971313,-0.9563933610916138,0.20352530479431152,0.0,0.6148900985717773,-0.032982826232910156,-0.7879226207733154,0.0,0.7602769136428833,0.29021310806274414,0.5811671614646912,0.0,-0.3294454514980316,0.7896474599838257,0.11363077163696289,1.0],"resolution":[720,540],"sequence":36,"timestamp":1762932099.217,"tracking":2,"trackingReason":0},{"exposure":0.0,"image":"frame_00000037.jpg","intrinsics":[579.007080078125,579.007080078125,364.72259521484375,269.565185546875,0.0],"location":{"altitude":5.977209568023682,"altitudeAccuracy":16.54518699645996,"heading":359.177001953125,"headingAccuracy":35.0,"headingTimestamp":1762932099.125,"latitude":53.10344314575195,"longitude":8.86343002319336,"positionAccuracy":35.0,"positionSource":"corelocation","positionTimestamp":1762932091.999},"pose":[-0.3286452293395996,0.7894821166992188,0.11299744248390198,-0.4067288041114807,0.20947104692459106,-0.5927122235298157,0.6628618240356445],"pose4x4":[0.20962822437286377,-0.9561684131622314,0.20444554090499878,0.0,0.6153768301010132,-0.03347218036651611,-0.7875221371650696,0.0,0.7598469853401184,0.2908979058265686,0.5813871026039124,0.0,-0.3286452293395996,0.7894821166992188,0.11299744248390198,1.0],"resolution":[720,540],"sequence":37,"timestamp":1762932099.25,"tracking":2,"trackingReason":0},{"exposure":0.0,"image":"frame_00000038.jpg","intrinsics":[579.0104370117188,579.0104370117188,364.7183837890625,269.5631408691406,0.0],"location":{"altitude":5.977209568023682,"altitudeAccuracy":16.54518699645996,"heading":359.177001953125,"headingAccuracy":35.0,"headingTimestamp":1762932099.125,"latitude":53.10344314575195,"longitude":8.86343002319336,"positionAccuracy":35.0,"positionSource":"corelocation","positionTimestamp":1762932091.999},"pose":[-0.32776209712028503,0.7892771363258362,0.11235929280519485,-0.40677154064178467,0.2090252786874771,-0.5924647450447083,0.6631974577903748],"pose4x4":[0.21058791875839233,-0.9558932781219482,0.20474550127983093,0.0,0.6157912015914917,-0.032955169677734375,-0.7872198820114136,0.0,0.7592456340789795,0.2918594777584076,0.5816906690597534,0.0,-0.32776209712028503,0.7892771363258362,0.11235929280519485,1.0],"resolution":[720,540],"sequence":38,"timestamp":1762932099.284,"tracking":2,"trackingReason":0},{"exposure":0.0,"image":"frame_00000039.jpg","intrinsics":[579.0087280273438,579.0087280273438,364.72564697265625,269.56756591796875,0.0],"location":{"altitude":5.977209568023682,"altitudeAccuracy":16.54518699645996,"heading":359.177001953125,"headingAccuracy":35.0,"headingTimestamp":1762932099.125,"latitude":53.10344314575195,"longitude":8.86343002319336,"positionAccuracy":35.0,"positionSource":"corelocation","positionTimestamp":1762932091.999},"pose":[-0.32686397433280945,0.7891016006469727,0.1117587685585022,-0.40661564469337463,0.20814023911952972,-0.5925960540771484,0.663453996181488],"pose4x4":[0.21101510524749756,-0.9555866122245789,0.20573469996452332,0.0,0.617054283618927,-0.0330127477645874,-0.7862277030944824,0.0,0.7581006288528442,0.2928553819656372,0.582682728767395,0.0,-0.32686397433280945,0.7891016006469727,0.1117587685585022,1.0],"resolution":[720,540],"sequence":39,"timestamp":1762932099.317,"tracking":2,"trackingReason":0},{"exposure":0.0,"image":"frame_00000040.jpg","intrinsics":[578.9969482421875,578.9969482421875,364.7158203125,269.56884765625,0.0],"location":{"altitude":5.977209568023682,"altitudeAccuracy":16.54518699645996,"heading":359.177001953125,"headingAccuracy":35.0,"headingTimestamp":1762932099.125,"latitude":53.10344314575195,"longitude":8.86343002319336,"positionAccuracy":35.0,"positionSource":"corelocation","positionTimestamp":1762932091.999},"pose":[-0.3258836269378662,0.7889119982719421,0.11117712408304214,-0.4058375060558319,0.2071678787469864,-0.5931491255760193,0.6637405157089233],"pose4x4":[0.21051114797592163,-0.9555472135543823,0.20643290877342224,0.0,0.6192412376403809,-0.03305995464324951,-0.7845044732093811,0.0,0.7564557790756226,0.2929787039756775,0.5847547650337219,0.0,-0.3258836269378662,0.7889119982719421,0.11117712408304214,1.0],"resolution":[720,540],"sequence":40,"timestamp":1762932099.35,"tracking":2,"trackingReason":0},{"exposure":0.0,"image":"frame_00000041.jpg","intrinsics":[579.007080078125,579.007080078125,364.72564697265625,269.5589904785156,0.0],"location":{"altitude":5.977209568023682,"altitudeAccuracy":16.54518699645996,"heading":359.177001953125,"headingAccuracy":35.0,"headingTimestamp":1762932099.125,"latitude":53.10344314575195,"longitude":8.86343002319336,"positionAccuracy":35.0,"positionSource":"corelocation","positionTimestamp":1762932091.999},"pose":[-0.32484909892082214,0.7887485027313232,0.11072506755590439,-0.40456798672676086,0.20590631663799286,-0.5937016010284424,0.6644137501716614],"pose4x4":[0.210241973400