{"app":"com.kefei.ardksamples","autofocus":1,"captureGroup":{"sequence":0,"uuid":"019a77d3-27a1-700d-8033-86560000ffff"},"coordinates":"opengl","depthSource":"none","duration":3.584,"formatVersion":"1","frameCount":108,"framerate":29.854910714285715,"frames":[{"exposure":0.0,"image":"frame_00000000.jpg","intrinsics":[591.018310546875,591.018310546875,364.0048522949219,269.7408142089844,0.0],"location":{"altitude":3.913928747177124,"altitudeAccuracy":23.19346046447754,"heading":26.002227783203125,"headingAccuracy":35.0,"headingTimestamp":1762946918.259,"latitude":53.10653305053711,"longitude":8.85208511352539,"positionAccuracy":35.0,"positionSource":"corelocation","positionTimestamp":1762946908.951},"pose":[-0.09159199148416519,0.04511043429374695,0.019528159871697426,-0.36601027846336365,-0.1838788241147995,-0.6040801405906677,0.6836023330688477],"pose4x4":[0.20255154371261597,-0.6912981271743774,0.6935991048812866,0.0,0.9605042934417725,0.002247333526611328,-0.2782558798789978,0.0,0.19079908728599548,0.7225660681724548,0.6644501090049744,0.0,-0.09159199148416519,0.04511043429374695,0.019528159871697426,1.0],"resolution":[720,540],"sequence":0,"timestamp":1762946918.0,"tracking":1,"trackingReason":0},{"exposure":0.0,"image":"frame_00000001.jpg","intrinsics":[590.5,590.5,363.9736328125,269.7543640136719,0.0],"location":{"altitude":3.913928747177124,"altitudeAccuracy":23.19346046447754,"heading":26.002227783203125,"headingAccuracy":35.0,"headingTimestamp":1762946918.259,"latitude":53.10653305053711,"longitude":8.85208511352539,"positionAccuracy":35.0,"positionSource":"corelocation","positionTimestamp":1762946908.951},"pose":[-0.089744932949543,0.04984560236334801,0.038860369473695755,-0.3663519322872162,-0.17165760695934296,-0.6105702519416809,0.6808258891105652],"pose4x4":[0.1954752802848816,-0.7056098580360413,0.6811050772666931,0.0,0.9571582674980164,-0.014019489288330078,-0.289225697517395,0.0,0.21362930536270142,0.7084618210792542,0.6726398468017578,0.0,-0.089744932949543,0.04984560236334801,0.038860369473695755,1.0],"resolution":[720,540],"sequence":1,"timestamp":1762946918.05,"tracking":1,"trackingReason":0},{"exposure":0.0,"image":"frame_00000002.jpg","intrinsics":[589.9849853515625,589.9849853515625,363.96392822265625,269.7581481933594,0.0],"location":{"altitude":3.913928747177124,"altitudeAccuracy":23.19346046447754,"heading":26.002227783203125,"headingAccuracy":35.0,"headingTimestamp":1762946918.259,"latitude":53.10653305053711,"longitude":8.85208511352539,"positionAccuracy":35.0,"positionSource":"corelocation","positionTimestamp":1762946908.951},"pose":[-0.08869028836488724,0.052850283682346344,0.0521194152534008,-0.3642534613609314,-0.16409188508987427,-0.6155129671096802,0.6793653964996338],"pose4x4":[0.18843525648117065,-0.7167743444442749,0.6713621616363525,0.0,0.9558584690093994,-0.023073554039001465,-0.2929210364818573,0.0,0.22544874250888824,0.6969237327575684,0.6807865500450134,0.0,-0.08869028836488724,0.052850283682346344,0.0521194152534008,1.0],"resolution":[720,540],"sequence":2,"timestamp":1762946918.083,"tracking":1,"trackingReason":0},{"exposure":0.0,"image":"frame_00000003.jpg","intrinsics":[589.5742797851563,589.5742797851563,363.9623718261719,269.7504577636719,0.0],"location":{"altitude":3.913928747177124,"altitudeAccuracy":23.19346046447754,"heading":26.002227783203125,"headingAccuracy":35.0,"headingTimestamp":1762946918.259,"latitude":53.10653305053711,"longitude":8.85208511352539,"positionAccuracy":35.0,"positionSource":"corelocation","positionTimestamp":1762946908.951},"pose":[-0.08763447403907776,0.05565810948610306,0.0651404857635498,-0.3610615134239197,-0.15955011546611786,-0.619681715965271,0.6783604621887207],"pose4x4":[0.18107664585113525,-0.7255203127861023,0.6639513969421387,0.0,0.9559499621391296,-0.02874171733856201,-0.2921191155910492,0.0,0.231021448969841,0.6876002550125122,0.6883566975593567,0.0,-0.08763447403907776,0.05565810948610306,0.0651404857635498,1.0],"resolution":[720,540],"sequence":3,"timestamp":1762946918.116,"tracking":1,"trackingReason":0},{"exposure":0.0,"image":"frame_00000004.jpg","intrinsics":[589.0577392578125,589.0577392578125,363.9620666503906,269.7414245605469,0.0],"location":{"altitude":3.913928747177124,"altitudeAccuracy":23.19346046447754,"heading":26.002227783203125,"headingAccuracy":35.0,"headingTimestamp":1762946918.259,"latitude":53.10653305053711,"longitude":8.85208511352539,"positionAccuracy":35.0,"positionSource":"corelocation","positionTimestamp":1762946908.951},"pose":[-0.08709196746349335,0.057854972779750824,0.07750619947910309,-0.3552559018135071,-0.1603783518075943,-0.625883936882019,0.6755303740501404],"pose4x4":[0.16509616374969482,-0.7316564917564392,0.661378800868988,0.0,0.9595579504966736,-0.03587484359741211,-0.27921581268310547,0.0,0.22801701724529266,0.6807287931442261,0.6961440443992615,0.0,-0.08709196746349335,0.057854972779750824,0.07750619947910309,1.0],"resolution":[720,540],"sequence":4,"timestamp":1762946918.15,"tracking":1,"trackingReason":0},{"exposure":0.0,"image":"frame_00000005.jpg","intrinsics":[588.4888305664063,588.4888305664063,363.9373779296875,269.76470947265625,0.0],"location":{"altitude":3.913928747177124,"altitudeAccuracy":23.19346046447754,"heading":26.002227783203125,"headingAccuracy":35.0,"headingTimestamp":1762946918.259,"latitude":53.10653305053711,"longitude":8.85208511352539,"positionAccuracy":35.0,"positionSource":"corelocation","positionTimestamp":1762946908.951},"pose":[-0.08594276756048203,0.05974026769399643,0.08899986743927002,-0.3509211242198944,-0.1636841595172882,-0.630602240562439,0.6726087927818298],"pose4x4":[0.1510966420173645,-0.7334167957305908,0.6627740859985352,0.0,0.9631776809692383,-0.04160964488983154,-0.26562607288360596,0.0,0.2223924845457077,0.678504467010498,0.7001237273216248,0.0,-0.08594276756048203,0.05974026769399643,0.08899986743927002,1.0],"resolution":[720,540],"sequence":5,"timestamp":1762946918.183,"tracking":1,"trackingReason":0},{"exposure":0.0,"image":"frame_00000006.jpg","intrinsics":[588.1455078125,588.1455078125,363.9875793457031,269.7841796875,0.0],"location":{"altitude":3.913928747177124,"altitudeAccuracy":23.19346046447754,"heading":26.002227783203125,"headingAccuracy":35.0,"headingTimestamp":1762946918.259,"latitude":53.10653305053711,"longitude":8.85208511352539,"positionAccuracy":35.0,"positionSource":"corelocation","positionTimestamp":1762946908.951},"pose":[-0.08479918539524078,0.06174365431070328,0.09962062537670135,-0.34906843304634094,-0.1669241189956665,-0.634456992149353,0.6691426634788513],"pose4x4":[0.1392013430595398,-0.7325485944747925,0.6663299202919006,0.0,0.9656203985214233,-0.04876887798309326,-0.2553408145904541,0.0,0.21954572200775146,0.6789655089378357,0.7005751132965088,0.0,-0.08479918539524078,0.06174365431070328,0.09962062537670135,1.0],"resolution":[720,540],"sequence":6,"timestamp":1762946918.216,"tracking":1,"trackingReason":0},{"exposure":0.0,"image":"frame_00000007.jpg","intrinsics":[587.7601318359375,587.7601318359375,363.9753112792969,269.7780456542969,0.0],"location":{"altitude":3.913928747177124,"altitudeAccuracy":23.19346046447754,"heading":26.002227783203125,"headingAccuracy":35.0,"headingTimestamp":1762946918.259,"latitude":53.10653305053711,"longitude":8.85208511352539,"positionAccuracy":35.0,"positionSource":"corelocation","positionTimestamp":1762946908.951},"pose":[-0.08363200724124908,0.06319240480661392,0.10982370376586914,-0.3459223508834839,-0.17130333185195923,-0.6376160383224487,0.6666623950004578],"pose4x4":[0.1282019019126892,-0.7316339612007141,0.6695342063903809,0.0,0.9686645865440369,-0.052433013916015625,-0.2427753508090973,0.0,0.21272829174995422,0.6796783208847046,0.7019858360290527,0.0,-0.08363200724124908,0.06319240480661392,0.10982370376586914,1.0],"resolution":[720,540],"sequence":7,"timestamp":1762946918.25,"tracking":1,"trackingReason":0},{"exposure":0.0,"image":"frame_00000008.jpg","intrinsics":[587.1862182617188,587.1862182617188,364.0042419433594,269.7824401855469,0.0],"location":{"altitude":3.913928747177124,"altitudeAccuracy":23.19346046447754,"heading":26.002227783203125,"headingAccuracy":35.0,"headingTimestamp":1762946918.259,"latitude":53.10653305053711,"longitude":8.85208511352539,"positionAccuracy":35.0,"positionSource":"corelocation","positionTimestamp":1762946908.951},"pose":[-0.08255337178707123,0.06427428871393204,0.11976121366024017,-0.3434867858886719,-0.17681819200515747,-0.6399083137512207,0.6642813086509705],"pose4x4":[0.11850535869598389,-0.7286888360977173,0.6745141744613647,0.0,0.9716277122497559,-0.054931640625,-0.23004885017871857,0.0,0.20468607544898987,0.6826385855674744,0.7015043497085571,0.0,-0.08255337178707123,0.06427428871393204,0.11976121366024017,1.0],"resolution":[720,540],"sequence":8,"timestamp":1762946918.283,"tracking":1,"trackingReason":0},{"exposure":0.0,"image":"frame_00000009.jpg","intrinsics":[586.8563232421875,586.8563232421875,364.0334167480469,269.77801513671875,0.0],"location":{"altitude":3.913928747177124,"altitudeAccuracy":23.19346046447754,"heading":26.002227783203125,"headingAccuracy":35.0,"headingTimestamp":1762946918.259,"latitude":53.10653305053711,"longitude":8.85208511352539,"positionAccuracy":35.0,"positionSource":"corelocation","positionTimestamp":1762946908.951},"pose":[-0.08146122097969055,0.06546531617641449,0.12880203127861023,-0.34543925523757935,-0.17658402025699615,-0.6430601477622986,0.6602753400802612],"pose4x4":[0.11058342456817627,-0.7271953821182251,0.6774646043777466,0.0,0.9711916446685791,-0.06570923328399658,-0.22906175255775452,0.0,0.21108826994895935,0.6832783222198486,0.6989796161651611,0.0,-0.08146122097969055,0.06546531617641449,0.12880203127861023,1.0],"resolution":[720,540],"sequence":9,"timestamp":1762946918.316,"tracking":1,"trackingReason":0},{"exposure":0.0,"image":"frame_00000010.jpg","intrinsics":[586.459228515625,586.459228515625,364.06573486328125,269.7936096191406,0.0],"location":{"altitude":3.913928747177124,"altitudeAccuracy":23.19346046447754,"heading":26.002227783203125,"headingAccuracy":35.0,"headingTimestamp":1762946918.259,"latitude":53.10653305053711,"longitude":8.85208511352539,"positionAccuracy":35.0,"positionSource":"corelocation","positionTimestamp":1762946908.951},"pose":[-0.08043047040700912,0.06653615832328796,0.1380653977394104,-0.3452261984348297,-0.1733710616827011,-0.6468505859375,0.657529890537262],"pose4x4":[0.10305362939834595,-0.7309427261352539,0.6746128797531128,0.0,0.9703516960144043,-0.07519364356994629,-0.22970274090766907,0.0,0.2186262309551239,0.6782834529876709,0.701522707939148,0.0,-0.08043047040700912,0.06653615832328796,0.1380653977394104,1.0],"resolution":[720,540],"sequence":10,"timestamp":1762946918.35,"tracking":1,"trackingReason":0},{"exposure":0.0,"image":"frame_00000011.jpg","intrinsics":[586.0435180664063,586.0435180664063,364.0848388671875,269.7958679199219,0.0],"location":{"altitude":3.913928747177124,"altitudeAccuracy":23.19346046447754,"heading":26.002227783203125,"headingAccuracy":35.0,"headingTimestamp":1762946918.259,"latitude":53.10653305053711,"longitude":8.85208511352539,"positionAccuracy":35.0,"positionSource":"corelocation","positionTimestamp":1762946908.951},"pose":[-0.079416923224926,0.06754624843597412,0.14740464091300964,-0.34151023626327515,-0.1709783375263214,-0.6511524319648743,0.6558487415313721],"pose4x4":[0.09353381395339966,-0.7373332977294922,0.669022262096405,0.0,0.9708967208862305,-0.08125746250152588,-0.22529219090938568,0.0,0.2204785794019699,0.6706240177154541,0.7082743644714355,0.0,-0.079416923224926,0.06754624843597412,0.14740464091300964,1.0],"resolution":[720,540],"sequence":11,"timestamp":1762946918.383,"tracking":1,"trackingReason":0},{"exposure":0.0,"image":"frame_00000012.jpg","intrinsics":[585.7271118164063,585.7271118164063,364.1196594238281,269.766845703125,0.0],"location":{"altitude":3.913928747177124,"altitudeAccuracy":23.19346046447754,"heading":26.002227783203125,"headingAccuracy":35.0,"headingTimestamp":1762946918.259,"latitude":53.10653305053711,"longitude":8.85208511352539,"positionAccuracy":35.0,"positionSource":"corelocation","positionTimestamp":1762946908.951},"pose":[-0.07811674475669861,0.06816239655017853,0.1548476368188858,-0.3396381735801697,-0.16664165258407593,-0.6561482548713684,0.652951717376709],"pose4x4":[0.08340007066726685,-0.7436705231666565,0.6633238792419434,0.0,0.9700619578361511,-0.09176921844482422,-0.22485141456127167,0.0,0.22808808088302612,0.662217915058136,0.7137529253959656,0.0,-0.07811674475669861,0.06816239655017853,0.1548476368188858,1.0],"resolution":[720,540],"sequence":12,"timestamp":1762946918.417,"tracking":1,"trackingReason":0},{"exposure":0.0,"image":"frame_00000013.jpg","intrinsics":[585.3551635742188,585.3551635742188,364.1541442871094,269.771240234375,0.0],"location":{"altitude":3.913928747177124,"altitudeAccuracy":23.19346046447754,"heading":27.12567138671875,"headingAccuracy":35.0,"headingTimestamp":1762946918.439,"latitude":53.10653305053711,"longitude":8.85208511352539,"positionAccuracy":35.0,"positionSource":"corelocation","positionTimestamp":1762946908.951},"pose":[-0.07729629427194595,0.06829506903886795,0.16240638494491577,-0.3391863703727722,-0.16184110939502716,-0.659333348274231,0.6511831283569336],"pose4x4":[0.07817399501800537,-0.7489048838615417,0.6580501794815063,0.0,0.9684820771217346,-0.09953570365905762,-0.22833041846752167,0.0,0.23649735748767853,0.6551593542098999,0.7175201177597046,0.0,-0.07729629427194595,0.06829506903886795,0.16240638494491577,1.0],"resolution":[720,540],"sequence":13,"timestamp":1762946918.45,"tracking":1,"trackingReason":0},{"exposure":0.0,"image":"frame_00000014.jpg","intrinsics":[584.9546508789063,584.9546508789063,364.1839904785156,269.76690673828125,0.0],"location":{"altitude":3.913928747177124,"altitudeAccuracy":23.19346046447754,"heading":28.319305419921875,"headingAccuracy":35.0,"headingTimestamp":1762946918.498,"latitude":53.10653305053711,"longitude":8.85208511352539,"positionAccuracy":35.0,"positionSource":"corelocation","positionTimestamp":1762946908.951},"pose":[-0.0768546462059021,0.06832802295684814,0.17008768022060394,-0.3390330374240875,-0.15709669888019562,-0.661001443862915,0.6507335901260376],"pose4x4":[0.07679545879364014,-0.7537497282028198,0.6526588201522827,0.0,0.9667936563491821,-0.10373258590698242,-0.2335580736398697,0.0,0.24374644458293915,0.6489226818084717,0.7207544445991516,0.0,-0.0768546462059021,0.06832802295684814,0.17008768022060394,1.0],"resolution":[720,540],"sequence":14,"timestamp":1762946918.483,"tracking":1,"trackingReason":0},{"exposure":0.0,"image":"frame_00000015.jpg","intrinsics":[584.7408447265625,584.7408447265625,364.21453857421875,269.7349548339844,0.0],"location":{"altitude":3.913928747177124,"altitudeAccuracy":23.19346046447754,"heading":28.319305419921875,"headingAccuracy":35.0,"headingTimestamp":1762946918.498,"latitude":53.10653305053711,"longitude":8.85208511352539,"positionAccuracy":35.0,"positionSource":"corelocation","positionTimestamp":1762946908.951},"pose":[-0.07658477127552032,0.06854370981454849,0.17669172585010529,-0.3375619649887085,-0.1525319665670395,-0.6616300344467163,0.6519443392753601],"pose4x4":[0.07795941829681396,-0.7597139477729797,0.645566999912262,0.0,0.9656699299812317,-0.10340476036071777,-0.2383037656545639,0.0,0.24779756367206573,0.6419826745986938,0.725571870803833,0.0,-0.07658477127552032,0.06854370981454849,0.17669172585010529,1.0],"resolution":[720,540],"sequence":15,"timestamp":1762946918.517,"tracking":1,"trackingReason":0},{"exposure":0.0,"image":"frame_00000016.jpg","intrinsics":[584.3740234375,584.3740234375,364.23345947265625,269.7458190917969,0.0],"location":{"altitude":3.913928747177124,"altitudeAccuracy":23.19346046447754,"heading":29.417999267578125,"headingAccuracy":35.0,"headingTimestamp":1762946918.538,"latitude":53.10653305053711,"longitude":8.85208511352539,"positionAccuracy":35.0,"positionSource":"corelocation","positionTimestamp":1762946908.951},"pose":[-0.0763731300830841,0.06824515014886856,0.18301500380039215,-0.3352240025997162,-0.14683298766613007,-0.6626695990562439,0.6534017324447632],"pose4x4":[0.07861816883087158,-0.7675350904464722,0.6361673474311829,0.0,0.9644228219985962,-0.10301220417022705,-0.24346835911273956,0.0,0.2524036765098572,0.6326754093170166,0.7321298718452454,0.0,-0.0763731300830841,0.06824515014886856,0.18301500380039215,1.0],"resolution":[720,540],"sequence":16,"timestamp":1762946918.55,"tracking":1,"trackingReason":0},{"exposure":0.0,"image":"frame_00000017.jpg","intrinsics":[584.2039794921875,584.2039794921875,364.2218322753906,269.72216796875,0.0],"location":{"altitude":3.913928747177124,"altitudeAccuracy":23.19346046447754,"heading":29.417999267578125,"headingAccuracy":35.0,"headingTimestamp":1762946918.538,"latitude":53.10653305053711,"longitude":8.85208511352539,"positionAccuracy":35.0,"positionSource":"corelocation","positionTimestamp":1762946908.951},"pose":[-0.07617524266242981,0.0674658939242363,0.18906714022159576,-0.33202993869781494,-0.14121346175670624,-0.6629117727279663,0.6560205817222595],"pose4x4":[0.08121347427368164,-0.7759933471679688,0.6254910230636597,0.0,0.9635417461395264,-0.09939181804656982,-0.24841280281543732,0.0,0.25493523478507996,0.6228610873222351,0.7396297454833984,0.0,-0.07617524266242981,0.0674658939242363,0.18906714022159576,1.0],"resolution":[720,540],"sequence":17,"timestamp":1762946918.583,"tracking":1,"trackingReason":0},{"exposure":0.0,"image":"frame_00000018.jpg","intrinsics":[583.9986572265625,583.9986572265625,364.2548522949219,269.70281982421875,0.0],"location":{"altitude":3.913928747177124,"altitudeAccuracy":23.19346046447754,"heading":29.417999267578125,"headingAccuracy":35.0,"headingTimestamp":1762946918.538,"latitude":53.10653305053711,"longitude":8.85208511352539,"positionAccuracy":35.0,"positionSource":"corelocation","positionTimestamp":1762946908.951},"pose":[-0.0759805291891098,0.06668442487716675,0.1940399408340454,-0.3272842764854431,-0.13871198892593384,-0.6625635027885437,0.6592826247215271],"pose4x4":[0.08353722095489502,-0.7828366756439209,0.6165940165519714,0.0,0.9644297361373901,-0.09221076965332031,-0.2477346658706665,0.0,0.2507924437522888,0.6153566837310791,0.7472879886627197,0.0,-0.0759805291891098,0.06668442487716675,0.1940399408340454,1.0],"resolution":[720,540],"sequence":18,"timestamp":1762946918.617,"tracking":1,"trackingReason":0},{"exposure":0.0,"image":"frame_00000019.jpg","intrinsics":[583.6536865234375,583.6536865234375,364.2673645019531,269.700927734375,0.0],"location":{"altitude":3.913928747177124,"altitudeAccuracy":23.19346046447754,"heading":30.558197021484375,"headingAccuracy":35.0,"headingTimestamp":1762946918.658,"latitude":53.10653305053711,"longitude":8.85208511352539,"positionAccuracy":35.0,"positionSource":"corelocation","positionTimestamp":1762946908.951},"pose":[-0.07592847943305969,0.06583666801452637,0.19917675852775574,-0.3235865533351898,-0.136139914393425,-0.6623916029930115,0.6618119478225708],"pose4x4":[0.0854066014289856,-0.7886512875556946,0.6088800430297852,0.0,0.9648634791374207,-0.08694171905517578,-0.24795103073120117,0.0,0.24848398566246033,0.6086627840995789,0.753515362739563,0.0,-0.07592847943305969,0.06583666801452637,0.19917675852775574,1.0],"resolution":[720,540],"sequence":19,"timestamp":1762946918.65,"tracking":1,"trackingReason":0},{"exposure":0.0,"image":"frame_00000020.jpg","intrinsics":[583.4652099609375,583.4652099609375,364.30194091796875,269.662841796875,0.0],"location":{"altitude":3.913928747177124,"altitudeAccuracy":23.19346046447754,"heading":30.558197021484375,"headingAccuracy":35.0,"headingTimestamp":1762946918.658,"latitude":53.10653305053711,"longitude":8.85208511352539,"positionAccuracy":35.0,"positionSource":"corelocation","positionTimestamp":1762946908.951},"pose":[-0.07591719925403595,0.0651167556643486,0.2040889859199524,-0.3217836320400238,-0.13342244923114777,-0.6616902947425842,0.6639424562454224],"pose4x4":[0.08872878551483154,-0.7927822470664978,0.6030118465423584,0.0,0.9645149111747742,-0.08275747299194336,-0.2507229447364807,0.0,0.24867257475852966,0.6038603186607361,0.7573075294494629,0.0,-0.07591719925403595,0.0651167556643486,0.2040889859199524,1.0],"resolution":[720,540],"sequence":20,"timestamp":1762946918.683,"tracking":1,"trackingReason":0},{"exposure":0.0,"image":"frame_00000021.jpg","intrinsics":[583.30029296875,583.30029296875,364.3351135253906,269.64581298828125,0.0],"location":{"altitude":3.913928747177124,"altitudeAccuracy":23.19346046447754,"heading":30.558197021484375,"headingAccuracy":35.0,"headingTimestamp":1762946918.658,"latitude":53.10653305053711,"longitude":8.85208511352539,"positionAccuracy":35.0,"positionSource":"corelocation","positionTimestamp":1762946908.951},"pose":[-0.07558026909828186,0.06450962275266647,0.20864418148994446,-0.31856343150138855,-0.1321590542793274,-0.6606488227844238,0.6667792201042175],"pose4x4":[0.09215426445007324,-0.7968116998672485,0.5971589088439941,0.0,0.9652159214019775,-0.07587909698486328,-0.2502015233039856,0.0,0.24467530846595764,0.5994443893432617,0.7621026635169983,0.0,-0.07558026909828186,0.06450962275266647,0.20864418148994446,1.0],"resolution":[720,540],"sequence":21,"timestamp":1762946918.717,"tracking":1,"trackingReason":0},{"exposure":0.0,"image":"frame_00000022.jpg","intrinsics":[583.2868041992188,583.2868041992188,364.32830810546875,269.63568115234375,0.0],"location":{"altitude":3.913928747177124,"altitudeAccuracy":23.19346046447754,"heading":30.558197021484375,"headingAccuracy":35.0,"headingTimestamp":1762946918.658,"latitude":53.10653305053711,"longitude":8.85208511352539,"positionAccuracy":35.0,"positionSource":"corelocation","positionTimestamp":1762946908.951},"pose":[-0.0756053775548935,0.06424476951360703,0.2130478173494339,-0.31440070271492004,-0.12892307341098785,-0.6609619855880737,0.6690741777420044],"pose4x4":[0.09301614761352539,-0.8033981919288635,0.5881320238113403,0.0,0.9655322432518005,-0.07143712043762207,-0.25028830766677856,0.0,0.24309563636779785,0.5911412835121155,0.7690621018409729,0.0,-0.0756053775548935,0.06424476951360703,0.2130478173494339,1.0],"resolution":[720,540],"sequence":22,"timestamp":1762946918.75,"tracking":1,"trackingReason":0},{"exposure":0.0,"image":"frame_00000023.jpg","intrinsics":[583.0831298828125,583.0831298828125,364.34771728515625,269.58984375,0.0],"location":{"altitude":3.913928747177124,"altitudeAccuracy":23.19346046447754,"heading":30.558197021484375,"headingAccuracy":35.0,"headingTimestamp":1762946918.658,"latitude":53.10653305053711,"longitude":8.85208511352539,"positionAccuracy":35.0,"positionSource":"corelocation","positionTimestamp":1762946908.951},"pose":[-0.07555387169122696,0.06409475207328796,0.2171008139848709,-0.31132015585899353,-0.12501555681228638,-0.66169673204422,0.6705284118652344],"pose4x4":[0.09305703639984131,-0.8095331788063049,0.5796520113945007,0.0,0.9652126431465149,-0.06952559947967529,-0.25205326080322266,0.0,0.24434608221054077,0.58294278383255,0.7749017477035522,0.0,-0.07555387169122696,0.06409475207328796,0.2171008139848709,1.0],"resolution":[720,540],"sequence":23,"timestamp":1762946918.783,"tracking":1,"trackingReason":0},{"exposure":0.0,"image":"frame_00000024.jpg","intrinsics":[582.9149169921875,582.9149169921875,364.376708984375,269.6031188964844,0.0],"location":{"altitude":3.913928747177124,"altitudeAccuracy":23.19346046447754,"heading":30.558197021484375,"headingAccuracy":35.0,"headingTimestamp":1762946918.658,"latitude":53.10653305053711,"longitude":8.85208511352539,"positionAccuracy":35.0,"positionSource":"corelocation","positionTimestamp":1762946908.951},"pose":[-0.07503916323184967,0.0639595240354538,0.22074070572853088,-0.30761200189590454,-0.12251968681812286,-0.6615633368492126,0.672828197479248],"pose4x4":[0.09464573860168457,-0.8148598670959473,0.5718790292739868,0.0,0.9656139612197876,-0.06458234786987305,-0.2518309950828552,0.0,0.24214023351669312,0.5760491490364075,0.7807275652885437,0.0,-0.07503916323184967,0.0639595240354538,0.22074070572853088,1.0],"resolution":[720,540],"sequence":24,"timestamp":1762946918.817,"tracking":1,"trackingReason":0},{"exposure":0.0,"image":"frame_00000025.jpg","intrinsics":[582.7330932617188,582.7330932617188,364.41204833984375,269.6012268066406,0.0],"location":{"altitude":3.913928747177124,"altitudeAccuracy":23.19346046447754,"heading":30.558197021484375,"headingAccuracy":35.0,"headingTimestamp":1762946918.658,"latitude":53.10653305053711,"longitude":8.85208511352539,"positionAccuracy":35.0,"positionSource":"corelocation","positionTimestamp":1762946908.951},"pose":[-0.07492595911026001,0.06385670602321625,0.22413186728954315,-0.3032470643520355,-0.11994310468435287,-0.6616818308830261,0.6751533150672913],"pose4x4":[0.09558159112930298,-0.820728600025177,0.5632661581039429,0.0,0.9662181735038757,-0.059563279151916504,-0.2507481575012207,0.0,0.23934617638587952,0.5682048797607422,0.7873097658157349,0.0,-0.07492595911026001,0.06385670602321625,0.22413186728954315,1.0],"resolution":[720,540],"sequence":25,"timestamp":1762946918.85,"tracking":1,"trackingReason":0},{"exposure":0.0,"image":"frame_00000026.jpg","intrinsics":[582.5496826171875,582.5496826171875,364.4050598144531,269.5775451660156,0.0],"location":{"altitude":3.913928747177124,"altitudeAccuracy":23.19346046447754,"heading":30.558197021484375,"headingAccuracy":35.0,"headingTimestamp":1762946918.658,"latitude":53.10653305053711,"longitude":8.85208511352539,"positionAccuracy":35.0,"positionSource":"corelocation","positionTimestamp":1762946908.951},"pose":[-0.07475928217172623,0.06366287171840668,0.22706763446331024,-0.3006152808666229,-0.11731453984975815,-0.6617333889007568,0.6767397522926331],"pose4x4":[0.09669244289398193,-0.8251094818115234,0.556637167930603,0.0,0.9661756753921509,-0.05652117729187012,-0.2516147494316101,0.0,0.23907150328159332,0.5621384978294373,0.7917355298995972,0.0,-0.07475928217172623,0.06366287171840668,0.22706763446331024,1.0],"resolution":[720,540],"sequence":26,"timestamp":1762946918.883,"tracking":1,"trackingReason":0},{"exposure":0.0,"image":"frame_00000027.jpg","intrinsics":[582.36962890625,582.36962890625,364.4217529296875,269.5870666503906,0.0],"location":{"altitude":3.913928747177124,"altitudeAccuracy":23.19346046447754,"heading":29.46453857421875,"headingAccuracy":35.0,"headingTimestamp":1762946918.917,"latitude":53.10653305053711,"longitude":8.85208511352539,"positionAccuracy":35.0,"positionSource":"corelocation","positionTimestamp":1762946908.951},"pose":[-0.0742795467376709,0.06344152987003326,0.2300032079219818,-0.2983047366142273,-0.11445640027523041,-0.6617572903633118,0.6782266497612],"pose4x4":[0.09795403480529785,-0.8293570876121521,0.5500654578208923,0.0,0.9659286141395569,-0.053816914558410645,-0.25315171480178833,0.0,0.23955591022968292,0.5561211705207825,0.7958280444145203,0.0,-0.0742795467376709,0.06344152987003326,0.2300032079219818,1.0],"resolution":[720,540],"sequence":27,"timestamp":1762946918.917,"tracking":1,"trackingReason":0},{"exposure":0.0,"image":"frame_00000028.jpg","intrinsics":[582.1592407226563,582.1592407226563,364.4536437988281,269.57928466796875,0.0],"location":{"altitude":3.913928747177124,"altitudeAccuracy":23.19346046447754,"heading":29.46453857421875,"headingAccuracy":35.0,"headingTimestamp":1762946918.917,"latitude":53.10653305053711,"longitude":8.85208511352539,"positionAccuracy":35.0,"positionSource":"corelocation","positionTimestamp":1762946908.951},"pose":[-0.07396425306797028,0.06314956396818161,0.23226620256900787,-0.2946438789367676,-0.11211174726486206,-0.6625208854675293,0.6794718503952026],"pose4x4":[0.09699410200119019,-0.834262490272522,0.5427690148353577,0.0,0.9663946628570557,-0.051497817039489746,-0.2518517076969147,0.0,0.23806190490722656,0.5489572286605835,0.801231861114502,0.0,-0.07396425306797028,0.06314956396818161,0.23226620256900787,1.0],"resolution":[720,540],"sequence":28,"timestamp":1762946918.95,"tracking":1,"trackingReason":0},{"exposure":0.0,"image":"frame_00000029.jpg","intrinsics":[581.9892578125,581.9892578125,364.4444580078125,269.5791015625,0.0],"location":{"altitude":3.913928747177124,"altitudeAccuracy":23.19346046447754,"heading":29.46453857421875,"headingAccuracy":35.0,"headingTimestamp":1762946918.917,"latitude":53.10653305053711,"longitude":8.85208511352539,"positionAccuracy":35.0,"positionSource":"corelocation","positionTimestamp":1762946908.951},"pose":[-0.07351582497358322,0.06276363134384155,0.2341136783361435,-0.2916891574859619,-0.11023090779781342,-0.6631363034248352,0.6804534792900085],"pose4x4":[0.09619879722595215,-0.838160514831543,0.5368733406066895,0.0,0.9667731523513794,-0.04966461658477783,-0.2507655620574951,0.0,0.23684531450271606,0.5431580543518066,0.8055331707000732,0.0,-0.07351582497358322,0.06276363134384155,0.2341136783361435,1.0],"resolution":[720,540],"sequence":29,"timestamp":1762946918.983,"tracking":1,"trackingReason":0},{"exposure":0.0,"image":"frame_00000030.jpg","intrinsics":[581.8361206054688,581.8361206054688,364.47198486328125,269.58551025390625,0.0],"location":{"altitude":3.913928747177124,"altitudeAccuracy":23.19346046447754,"heading":29.46453857421875,"headingAccuracy":35.0,"headingTimestamp":1762946918.917,"latitude":53.10653305053711,"longitude":8.85208511352539,"positionAccuracy":35.0,"positionSource":"corelocation","positionTimestamp":1762946908.951},"pose":[-0.07286198437213898,0.06249441206455231,0.2364862710237503,-0.29051434993743896,-0.10826466232538223,-0.6632089018821716,0.6812005639076233],"pose4x4":[0.09686547517776489,-0.8406516909599304,0.532843291759491,0.0,0.9664614796638489,-0.04848921298980713,-0.2521929144859314,0.0,0.23784349858760834,0.5394012331962585,0.8077603578567505,0.0,-0.07286198437213898,0.06249441206455231,0.2364862710237503,1.0],"resolution":[720,540],"sequence":30,"timestamp":1762946919.017,"tracking":1,"trackingReason":0},{"exposure":0.0,"image":"frame_00000031.jpg","intrinsics":[581.6123046875,581.6123046875,364.48126220703125,269.60247802734375,0.0],"location":{"altitude":3.913928747177124,"altitudeAccuracy":23.19346046447754,"heading":29.46453857421875,"headingAccuracy":35.0,"headingTimestamp":1762946918.917,"latitude":53.10653305053711,"longitude":8.85208511352539,"positionAccuracy":35.0,"positionSource":"corelocation","positionTimestamp":1762946908.951},"pose":[-0.07221750169992447,0.06213350594043732,0.2383541464805603,-0.28804951906204224,-0.10630900412797928,-0.6627792119979858,0.6829710006713867],"pose4x4":[0.09884423017501831,-0.844073474407196,0.5270383954048157,0.0,0.9665624499320984,-0.04449760913848877,-0.25254014134407043,0.0,0.23661452531814575,0.5343776941299438,0.8114517331123352,0.0,-0.07221750169992447,0.06213350594043732,0.2383541464805603,1.0],"resolution":[720,540],"sequence":31,"timestamp":1762946919.05,"tracking":1,"trackingReason":0},{"exposure":0.0,"image":"frame_00000032.jpg","intrinsics":[581.4321899414063,581.4321899414063,364.498779296875,269.5967102050781,0.0],"location":{"altitude":3.913928747177124,"altitudeAccuracy":23.19346046447754,"heading":29.46453857421875,"headingAccuracy":35.0,"headingTimestamp":1762946918.917,"latitude":53.10653305053711,"longitude":8.85208511352539,"positionAccuracy":35.0,"positionSource":"corelocation","positionTimestamp":1762946908.951},"pose":[-0.07137802243232727,0.061754655092954636,0.23998956382274628,-0.28338417410850525,-0.10225513577461243,-0.66278475522995,0.6855316162109375],"pose4x4":[0.10052049160003662,-0.8507648706436157,0.5158436894416809,0.0,0.9666748046875,-0.03918051719665527,-0.25299131870269775,0.0,0.23544716835021973,0.5240839123725891,0.8184745907783508,0.0,-0.07137802243232727,0.061754655092954636,0.23998956382274628,1.0],"resolution":[720,540],"sequence":32,"timestamp":1762946919.083,"tracking":1,"trackingReason":0},{"exposure":0.0,"image":"frame_00000033.jpg","intrinsics":[581.21337890625,581.21337890625,364.5016784667969,269.6046447753906,0.0],"location":{"altitude":3.913928747177124,"altitudeAccuracy":23.19346046447754,"heading":29.46453857421875,"headingAccuracy":35.0,"headingTimestamp":1762946918.917,"latitude":53.10653305053711,"longitude":8.85208511352539,"positionAccuracy":35.0,"positionSource":"corelocation","positionTimestamp":1762946908.951},"pose":[-0.07002075016498566,0.061416998505592346,0.24248778820037842,-0.27837976813316345,-0.09840616583824158,-0.662788987159729,0.6881363987922668],"pose4x4":[0.1020539402961731,-0.8573898673057556,0.5044478178024292,0.0,0.9669670462608337,-0.0335690975189209,-0.2526814341545105,0.0,0.2335803508758545,0.513571560382843,0.8256418704986572,0.0,-0.07002075016498566,0.061416998505592346,0.24248778820037842,1.0],"resolution":[720,540],"sequence":33,"timestamp":1762946919.117,"tracking":1,"trackingReason":0},{"exposure":0.0,"image":"frame_00000034.jpg","intrinsics":[581.056884765625,581.056884765625,364.5203552246094,269.6221923828125,0.0],"location":{"altitude":3.913928747177124,"altitudeAccuracy":23.19346046447754,"heading":29.46453857421875,"headingAccuracy":35.0,"headingTimestamp":1762946918.917,"latitude":53.10653305053711,"longitude":8.85208511352539,"positionAccuracy":35.0,"positionSource":"corelocation","positionTimestamp":1762946908.951},"pose":[-0.06867248564958572,0.06085287779569626,0.24409747123718262,-0.2779710292816162,-0.0938553735613823,-0.6626772880554199,0.6890442371368408],"pose4x4":[0.10409998893737793,-0.8610497713088989,0.4977511763572693,0.0,0.965406060218811,-0.03281819820404053,-0.25867703557014465,0.0,0.2390691637992859,0.507460355758667,0.8278465270996094,0.0,-0.06867248564958572,0.06085287779569626,0.24409747123718262,1.0],"resolution":[720,540],"sequence":34,"timestamp":1762946919.15,"tracking":1,"trackingReason":0},{"exposure":0.0,"image":"frame_00000035.jpg","intrinsics":[580.883544921875,580.883544921875,364.51544189453125,269.6203308105469,0.0],"location":{"altitude":3.913928747177124,"altitudeAccuracy":23.19346046447754,"heading":28.426910400390625,"headingAccuracy":35.0,"headingTimestamp":1762946919.177,"latitude":53.10653305053711,"longitude":8.85208511352539,"positionAccuracy":35.0,"positionSource":"corelocation","positionTimestamp":1762946908.951},"pose":[-0.0669788271188736,0.05989015847444534,0.245242178440094,-0.2817049026489258,-0.08961904048919678,-0.6623139381408691,0.6884410381317139],"pose4x4":[0.10661733150482178,-0.8614359498023987,0.49654901027679443,0.0,0.9624204039573669,-0.03603482246398926,-0.26916253566741943,0.0,0.24975931644439697,0.5065863132476807,0.8252215385437012,0.0,-0.0669788271188736,0.05989015847444534,0.245242178440094,1.0],"resolution":[720,540],"sequence":35,"timestamp":1762946919.183,"tracking":1,"trackingReason":0},{"exposure":0.0,"image":"frame_00000036.jpg","intrinsics":[580.7068481445313,580.7068481445313,364.550537109375,269.65106201171875,0.0],"location":{"altitude":3.913928747177124,"altitudeAccuracy":23.19346046447754,"heading":28.426910400390625,"headingAccuracy":35.0,"headingTimestamp":1762946919.177,"latitude":53.10653305053711,"longitude":8.85208511352539,"positionAccuracy":35.0,"positionSource":"corelocation","positionTimestamp":1762946908.951},"pose":[-0.06452243030071259,0.05895063653588295,0.24760571122169495,-0.2859540283679962,-0.08610840886831284,-0.6625718474388123,0.6868873238563538],"pose4x4":[0.10716778039932251,-0.8609783053398132,0.49722373485565186,0.0,0.9594704508781433,-0.04154229164123535,-0.2787303924560547,0.0,0.2606366276741028,0.5069423913955688,0.8216312527656555,0.0,-0.06452243030071259,0.05895063653588295,0.24760571122169495,1.0],"resolution":[720,540],"sequence":36,"timestamp":1762946919.217,"tracking":1,"trackingReason":0},{"exposure":0.0,"image":"frame_00000037.jpg","intrinsics":[580.5166625976563,580.5166625976563,364.551513671875,269.65936279296875,0.0],"location":{"altitude":3.913928747177124,"altitudeAccuracy":23.19346046447754,"heading":28.426910400390625,"headingAccuracy":35.0,"headingTimestamp":1762946919.177,"latitude":53.10653305053711,"longitude":8.85208511352539,"positionAccuracy":35.0,"positionSource":"corelocation","positionTimestamp":1762946908.951},"pose":[-0.06199590489268303,0.058090727776288986,0.24891430139541626,-0.28997910022735596,-0.0815616101026535,-0.663030743598938,0.6853101253509521],"pose4x4":[0.1074758768081665,-0.8614610433578491,0.49632012844085693,0.0,0.9560656547546387,-0.04739522933959961,-0.289295494556427,0.0,0.27274012565612793,0.5056069493293762,0.818519651889801,0.0,-0.06199590489268303,0.058090727776288986,0.24891430139541626,1.0],"resolution":[720,540],"sequence":37,"timestamp":1762946919.25,"tracking":1,"trackingReason":0},{"exposure":0.0,"image":"frame_00000038.jpg","intrinsics":[580.3231201171875,580.3231201171875,364.5804138183594,269.6805725097656,0.0],"location":{"altitude":3.913928747177124,"altitudeAccuracy":23.19346046447754,"heading":28.426910400390625,"headingAccuracy":35.0,"headingTimestamp":1762946919.177,"latitude":53.10653305053711,"longitude":8.85208511352539,"positionAccuracy":35.0,"positionSource":"corelocation","positionTimestamp":1762946908.951},"pose":[-0.05870798975229263,0.05756375193595886,0.24992051720619202,-0.2914111912250519,-0.07887771725654602,-0.6651495099067688,0.6829595565795898],"pose4x4":[0.10270887613296509,-0.862568736076355,0.49540460109710693,0.0,0.9545121192932129,-0.05468869209289551,-0.29311317205429077,0.0,0.2799234390258789,0.5029750466346741,0.8177156448364258,0.0,-0.05870798975229263,0.05756375193595886,0.24992051720619202,1.0],"resolution":[720,540],"sequence":38,"timestamp":1762946919.283,"tracking":1,"trackingReason":0},{"exposure":0.0,"image":"frame_00000039.jpg","intrinsics":[580.1548461914063,580.1548461914063,364.58050537109375,269.6820983886719,0.0],"location":{"altitude":3.913928747177124,"altitudeAccuracy":23.19346046447754,"heading":28.426910400390625,"headingAccuracy":35.0,"headingTimestamp":1762946919.177,"latitude":53.10653305053711,"longitude":8.85208511352539,"positionAccuracy":35.0,"positionSource":"corelocation","positionTimestamp":1762946908.951},"pose":[-0.053969621658325195,0.057509735226631165,0.25308528542518616,-0.2875116467475891,-0.0806211605668068,-0.6698431372642517,0.679814338684082],"pose4x4":[0.08962082862854004,-0.8643788695335388,0.494790256023407,0.0,0.9570969939231873,-0.06270551681518555,-0.2829020023345947,0.0,0.27556055784225464,0.4989161491394043,0.8216745853424072,0.0,-0.053969621658325195,0.057509735226631165,0.25308528542518616,1.0],"resolution":[720,540],"sequence":39,"timestamp":1762946919.317,"tracking":1,"trackingReason":0},{"exposure":0.0,"image":"frame_00000040.jpg","intrinsics":[579.93603515625,579.93603515625,364.5784606933594,269.7223205566406,0.0],"location":{"altitude":3.913928747177124,"altitudeAccuracy":23.19346046447754,"heading":28.426910400390625,"headingAccuracy":35.0,"headingTimestamp":1762946919.177,"latitude":53.10653305053711,"longitude":8.85208511352539,"positionAccuracy":35.0,"positionSource":"corelocation","positionTimestamp":1762946908.951},"pose":[-0.048479095101356506,0.05809486657381058,0.25396379828453064,-0.2829671800136566,-0.08088275045156479,-0.6769251227378845,0.6746554970741272],"pose4x4":[0.07046067714691162,-0.8676081895828247,0.492231160402298,0.0,0.95915687084198,-0.07659614086151123,-0.2723075747489929,0.0,0.2739591896533966,0.4913138747215271,0.826775074005127,0.0,-0.048479095101356506,0.05809486657381058,0.25396379828453064,1.0],"resolution":[720,540],"sequence":40,"timestamp":1762946919.35,"tracking":1,"trackingReason":0},{"exposure":0.0,"image":"frame_00000041.jpg","intrinsics":[579.7593383789063,579.7593383789063,364.60174560546875,269.71435546875,0.0],"location":{"altitude":3.913928747177124,"altitudeAccuracy":23.19346046447754,"heading":28.426910400390625,"headingAccuracy":35.0,"headingTimestamp":1762946919.177,"latitude":53.10653305053711,"longitude":8.85208511352539,"positionAccuracy":35.0,"positionSource":"corelocation","positionTimestamp":1762946908.951}